rawX,rawY,rawZ,ax_corr(g),ay_corr(g),az_corr(g),gx_corr(rad/s),gy_corr, gz_corr
332,820,16808,0.001,0.023,0.024,0.005,0.005,0.000
384,922,16872,0.023,0.076,0.989,-0.008,-0.008,-0.001
398,954,16858,0.024,0.078,0.988,-0.007,-0.009,-0.001
410,916,16882,0.025,0.076,0.989,-0.008,-0.008,-0.000
370,920,16910,0.023,0.076,0.992,-0.009,-0.008,-0.001
392,908,16858,0.023,0.076,0.989,-0.008,-0.008,-0.001
398,926,16908,0.024,0.077,0.992,-0.008,-0.007,-0.001
344,884,16910,0.021,0.074,0.992,-0.008,-0.007,-0.001
392,922,16874,0.025,0.076,0.989,-0.008,-0.007,-0.001
388,926,16846,0.024,0.076,0.988,-0.008,-0.008,-0.001
386,902,16888,0.023,0.076,0.990,-0.009,-0.008,0.000
390,930,16886,0.024,0.077,0.990,-0.008,-0.007,-0.001
428,954,16830,0.025,0.078,0.987,-0.008,-0.009,-0.000
340,904,16828,0.021,0.075,0.987,-0.009,-0.008,-0.000
356,912,16876,0.021,0.075,0.989,-0.008,-0.008,-0.000
388,962,16932,0.024,0.078,0.993,-0.009,-0.008,-0.001
372,928,16926,0.023,0.076,0.992,-0.009,-0.008,0.000
358,944,16888,0.022,0.077,0.990,-0.008,-0.008,-0.001
368,932,16880,0.022,0.077,0.990,-0.008,-0.008,-0.001
374,930,16916,0.022,0.076,0.992,-0.008,-0.008,0.000
396,928,16868,0.024,0.076,0.990,-0.008,-0.008,-0.000
356,934,16872,0.022,0.077,0.990,-0.008,-0.008,-0.000
390,924,16824,0.024,0.076,0.987,-0.008,-0.008,0.000
374,942,16876,0.023,0.077,0.990,-0.009,-0.009,-0.001
350,910,16808,0.021,0.075,0.986,-0.009,-0.008,-0.001
380,922,16956,0.024,0.076,0.994,-0.009,-0.010,-0.001
372,934,16912,0.023,0.077,0.991,-0.009,-0.007,-0.001
376,930,16872,0.024,0.077,0.990,-0.009,-0.009,-0.000
358,946,16870,0.022,0.078,0.990,-0.008,-0.008,-0.001
408,942,16876,0.024,0.078,0.989,-0.009,-0.008,-0.001
354,888,16920,0.021,0.074,0.993,-0.009,-0.008,-0.001
396,918,16924,0.024,0.076,0.993,-0.009,-0.009,-0.000
374,932,16856,0.023,0.077,0.989,-0.008,-0.010,-0.000
356,940,16912,0.022,0.077,0.992,-0.009,-0.008,-0.000
390,918,16838,0.024,0.076,0.987,-0.008,-0.009,-0.000
372,932,16906,0.022,0.077,0.991,-0.009,-0.009,-0.001
370,914,16870,0.022,0.076,0.989,-0.009,-0.009,-0.000
398,872,16872,0.025,0.074,0.989,-0.008,-0.008,-0.001
360,900,16888,0.022,0.075,0.990,-0.008,-0.009,0.000
392,906,16916,0.024,0.076,0.992,-0.008,-0.008,-0.001
390,892,16864,0.024,0.074,0.990,-0.008,-0.009,-0.001
364,940,16874,0.022,0.077,0.989,-0.008,-0.008,-0.001
384,936,16844,0.024,0.077,0.989,-0.008,-0.008,-0.000
368,930,16856,0.023,0.076,0.988,-0.009,-0.008,-0.001
358,924,16890,0.022,0.076,0.991,-0.008,-0.009,0.001
358,914,16880,0.022,0.076,0.990,-0.007,-0.009,-0.001
378,906,16930,0.023,0.076,0.993,-0.007,-0.008,-0.000
388,924,16910,0.023,0.077,0.992,-0.008,-0.008,-0.000
382,930,16830,0.024,0.076,0.987,-0.009,-0.009,-0.001
356,918,16874,0.022,0.076,0.989,-0.009,-0.008,-0.001
406,886,16918,0.025,0.074,0.992,-0.009,-0.008,0.000
392,924,16870,0.024,0.077,0.990,-0.009,-0.009,-0.000
378,950,16902,0.023,0.078,0.992,-0.008,-0.009,-0.001
414,940,16918,0.025,0.077,0.993,-0.008,-0.008,0.000
386,902,16844,0.024,0.075,0.988,-0.009,-0.008,-0.000
338,966,16810,0.021,0.079,0.987,-0.009,-0.008,-0.001
370,914,16862,0.022,0.076,0.990,-0.008,-0.009,-0.000
380,924,16870,0.023,0.076,0.989,-0.009,-0.009,-0.001
372,894,16892,0.023,0.074,0.991,-0.007,-0.009,-0.000
364,908,16826,0.022,0.075,0.987,-0.009,-0.009,-0.001
336,934,16850,0.020,0.077,0.987,-0.007,-0.009,-0.000
366,920,16908,0.022,0.076,0.992,-0.009,-0.010,-0.000
378,924,16960,0.023,0.076,0.995,-0.007,-0.008,-0.001
350,948,16812,0.022,0.078,0.985,-0.008,-0.009,-0.001
360,900,16846,0.022,0.075,0.987,-0.009,-0.008,0.000
350,938,16858,0.021,0.078,0.989,-0.008,-0.008,-0.001
346,920,16882,0.021,0.076,0.990,-0.008,-0.009,-0.001
348,944,16860,0.021,0.077,0.989,-0.008,-0.009,-0.001
392,944,16884,0.024,0.078,0.990,-0.009,-0.008,-0.000
384,896,16904,0.023,0.075,0.992,-0.008,-0.008,-0.001
360,926,16826,0.022,0.077,0.987,-0.008,-0.007,0.000
356,912,16866,0.022,0.076,0.989,-0.008,-0.009,-0.000
388,914,16862,0.024,0.076,0.989,-0.007,-0.009,-0.000
354,942,16884,0.022,0.077,0.991,-0.009,-0.008,-0.000
358,890,16862,0.022,0.074,0.988,-0.008,-0.009,-0.001
356,936,16826,0.022,0.077,0.987,-0.008,-0.008,-0.001
388,928,16840,0.024,0.076,0.988,-0.008,-0.009,0.000
350,900,16880,0.021,0.075,0.990,-0.009,-0.008,-0.001
364,910,16924,0.022,0.076,0.992,-0.008,-0.009,-0.001
350,926,16852,0.021,0.077,0.989,-0.007,-0.008,-0.000
344,924,16832,0.021,0.076,0.987,-0.009,-0.009,-0.001
338,940,16876,0.020,0.078,0.989,-0.008,-0.009,0.000
360,894,16884,0.022,0.075,0.990,-0.008,-0.009,-0.000
350,926,16888,0.022,0.077,0.990,-0.009,-0.008,-0.001
362,956,16906,0.022,0.078,0.991,-0.008,-0.008,0.000
350,934,16848,0.022,0.077,0.988,-0.008,-0.007,-0.000
378,938,16870,0.023,0.077,0.990,-0.008,-0.008,-0.001
376,920,16892,0.024,0.076,0.991,-0.008,-0.008,-0.000
384,902,16834,0.024,0.075,0.987,-0.009,-0.010,-0.001
362,946,16878,0.022,0.078,0.990,-0.009,-0.008,-0.001
360,908,16872,0.022,0.075,0.989,-0.009,-0.008,-0.001
368,908,16840,0.022,0.075,0.987,-0.009,-0.010,-0.001
352,928,16906,0.021,0.076,0.991,-0.008,-0.007,-0.001
356,910,16862,0.022,0.076,0.988,-0.008,-0.008,-0.000
398,918,16898,0.024,0.076,0.990,-0.009,-0.009,-0.001
374,942,16878,0.023,0.077,0.990,-0.007,-0.009,-0.001
382,928,16932,0.024,0.077,0.993,-0.008,-0.008,-0.001
382,932,16910,0.023,0.077,0.991,-0.009,-0.007,0.000
372,928,16874,0.023,0.076,0.989,-0.008,-0.009,0.000
344,932,16882,0.020,0.077,0.991,-0.008,-0.009,-0.001
364,892,16862,0.023,0.074,0.989,-0.009,-0.007,-0.000
382,878,16850,0.024,0.074,0.988,-0.008,-0.009,-0.001
364,962,16912,0.022,0.079,0.993,-0.009,-0.010,0.000
368,972,16962,0.023,0.079,0.994,-0.009,-0.009,-0.001
388,932,16860,0.024,0.077,0.989,-0.008,-0.009,-0.001
386,936,16920,0.024,0.077,0.993,-0.009,-0.009,-0.000
352,918,16842,0.021,0.076,0.988,-0.007,-0.009,-0.001
360,908,16860,0.022,0.075,0.990,-0.008,-0.009,-0.001
358,916,16926,0.021,0.076,0.992,-0.009,-0.008,-0.000
366,896,16880,0.022,0.075,0.990,-0.008,-0.008,-0.000
384,914,16858,0.023,0.076,0.989,-0.008,-0.009,-0.001
384,936,16914,0.023,0.077,0.992,-0.009,-0.009,-0.001
366,898,16886,0.022,0.076,0.990,-0.007,-0.009,-0.000
362,922,16904,0.022,0.076,0.991,-0.007,-0.009,-0.001
368,914,16896,0.022,0.076,0.991,-0.009,-0.009,-0.001
390,926,16902,0.023,0.076,0.991,-0.008,-0.010,0.000
382,926,16918,0.023,0.076,0.993,-0.009,-0.009,-0.000
336,906,16842,0.020,0.076,0.988,-0.007,-0.009,-0.001
352,918,16870,0.021,0.076,0.988,-0.007,-0.008,-0.001
364,910,16916,0.022,0.076,0.992,-0.007,-0.007,0.000
358,1020,16942,0.021,0.082,0.994,-0.007,-0.007,-0.000